A1001	708	K	-4	-3	6	2	-13	0	2	-4	-4	-10	-9	1
A1002	709	L	-4	-4	-1	-2	-11	-1	0	-12	-7	-5	-1	-1
A1003	710	G	0	-6	-2	-6	-8	-4	-6	-6	-9	-4	0	-1
A1004	711	R	0	0	1	-3	-10	-1	-3	-4	-6	-9	-6	1
A1005	708	K	-4	-3	6	2	-13	0	2	-4	-4	-10	-9	1
A1006	709	L	-4	-4	-1	-2	-11	-1	0	-12	-7	-5	-1	-1
A1007	710	G	0	-6	-2	-6	-8	-4	-6	-6	-9	-4	0	-1
A1008	711	R	0	0	1	-3	-10	-1	-3	-4	-6	-9	-6	1
A1009	708	K	-4	-3	6	2	-13	0	2	-4	-4	-10	-9	1
A1010	709	L	-4	-4	-1	-2	-11	-1	0	-12	-7	-5	-1	-1
A1011	710	G	0	-6	-2	-6	-8	-4	-6	-6	-9	-4	0	-1
A1012	711	R	0	0	1	-3	-10	-1	-3	-4	-6	-9	-6	1
A1013	708	K	-4	-3	6	2	-13	0	2	-4	-4	-10	-9	1
A1014	709	L	-4	-4	-1	-2	-11	-1	0	-12	-7	-5	-1	-1
A1015	710	G	0	-6	-2	-6	-8	-4	-6	-6	-9	-4	0	-1
A1016	711	R	0	0	1	-3	-10	-1	-3	-4	-6	-9	-6	1
A1017	708	K	-4	-3	6	2	-13	0	2	-4	-4	-10	-9	1
A1018	709	L	-4	-4	-1	-2	-11	-1	0	-12	-7	-5	-1	-1
A1019	710	G	0	-6	-2	-6	-8	-4	-6	-6	-9	-4	0	-1
A1020	711	R	0	0	1	-3	-10	-1	-3	-4	-6	-9	-6	1